[app/ui]
version = 5.0
modtime = 1351792392.859748000

[app/launcher]
version = 5.0
modtime = 1351792392.861752000
